observed,pred
100,93.95229556440798
100,88.0242699048373
100,88.5732044569041
100,89.44646650268228
100,90.41703156770657
100,97.38132324541736
100,92.64996349974652
100,90.53779250712927
0,13.790544291937366
100,102.41486135293735
100,101.42567259129652
100,90.57683283125489
0,18.47373639513461
100,89.95499518687112
100,100.3096662954509
100,89.25111030936645
100,93.76983682122483
100,98.09257516365874
100,89.23919918912259
100,89.46186239316542
0,14.423573355950651
100,87.30787494509113
100,88.66044172323578
100,86.33885773221223
100,90.80596053468638
100,99.42563275858727
100,90.64897591800913
100,95.2980208498606
100,86.82194532768115
100,75.22895256351313
100,90.82999185856644
100,93.27403130295181
100,90.84167604613177
100,88.4870596899888
100,88.72760480597697
100,94.55335823537645
100,90.2818255132922
100,74.81473698236415
100,88.20034497746401
100,85.73727948388645
100,87.33418439338017
100,97.48199420738713
0,1.6317431721943052
0,90.09140722205937
100,94.03124298999435
100,90.68568327455256
0,90.08055529085914
100,76.61926399603021
0,89.74914823891481
100,95.42319474806962
100,93.32885032392522
100,89.42451461749837
100,96.7022400391591
100,87.6896731361294
100,99.33088839866998
100,87.82843310776438
100,87.84776150802342
100,87.83257432366392
100,93.12459769017127
100,90.18943050545442
100,88.94275588712591
100,92.18902080598087
100,88.97203549544243
100,92.4399768076432
100,89.04634077238383
100,77.44392669539218
100,88.50863310641478
100,96.9181884008678
100,94.33114496014241
100,90.52848865473938
100,89.95538638404206
100,88.76061367020449
100,90.42526787351736
100,89.61122623585278
100,94.02633363637769
100,95.55263002406276
100,96.71747406749427
100,91.62317038283103
0,13.986051087444338
100,90.94400045756615
100,91.85160453289267
100,91.30020986934039
0,72.27179797523365
0,87.5765770004982
100,92.75403706906735
100,90.91136203781284
0,77.061747238671
100,90.10961714170678
100,88.38769712618517
100,95.16033910674366
0,71.87259479319263
100,95.49197196436013
100,90.38990173970599
100,92.4008871730795
100,90.32587534556183
100,91.96262442105726
100,91.08703714566222
100,87.6500013648759
100,91.98355992097419
100,89.41091157291477
100,90.5315566260727
100,93.15576928101258
100,90.19955091520907
100,93.32020596304314
100,94.96822918263949
0,10.500464792072023
100,91.45262344404301
100,91.31794108624656
100,93.13725262759769
0,89.87311048251357
100,93.85650002859306
100,91.90520306138434
100,89.37848773398257
0,83.76624926329536
100,93.46020606689633
100,94.03873416134002
100,91.6570835627966
100,96.32995752403
0,74.77693024044302
100,93.50884226241877
100,87.36499389726931
100,91.03800979784958
100,94.30614157213981
100,91.99404555630035
100,87.60578370008427
100,89.15838116680813
0,89.55976760975693
100,89.7591174158816
0,95.38419812610165
100,89.66802757727727
100,87.9347636775666
100,93.51987082026436
100,88.90025303147043
100,93.50724876059738
100,90.69924818855286
100,93.73084338725207
100,74.5132500210865
100,93.46197804865622
100,88.41385458318072
100,89.50085644583109
100,88.65756162616358
100,88.49533465502492
100,94.95943106768388
100,86.72604872931277
100,92.87371134629912
100,89.15920299123465
100,91.15136073143667
100,72.03134725850656
100,92.87274531503266
100,93.24857321566664
100,72.8870851504214
100,88.3257834775368
100,89.28067763102163
100,100.74435066710252
100,96.32745767009226
100,74.58914811095836
0,71.26139580417977
100,73.7597263139985
100,94.9282622482576
0,71.22501154577327
100,96.78566367731841
100,98.61196622305685
100,87.92945911983051
100,91.8023081305173
100,77.59859991981561
100,95.44134656175702
100,72.68741799791114
100,80.77319500293737
100,87.48577024620668
100,91.99098795026634
100,78.79387763406801
100,95.81377371505552
100,72.01906416213713
100,71.79784582292913
100,90.12869028412027
100,88.52025813262455
0,73.50798895695598
0,91.01659702756619
100,99.07194266349634
100,90.5709680481952
100,87.58262576966176
100,89.25111030936645
100,72.86670217626245
100,93.74270110503255
100,91.91064143200408
100,91.72344203380868
100,91.93663398394028
100,75.74959082371534
100,75.19211451596651
100,87.31471488164236
0,95.33299328590057
0,3.9022153417313774
100,77.38727386688089
0,84.0302460801142
0,101.30806936485939
0,92.0408951083703
100,78.46043614774753
100,77.64323495603199
100,89.77045642676073
100,89.57583386066584
100,99.33553652262134
100,95.69295973335308
100,81.32955780967825
100,80.48612882093461
100,77.49293246211086
100,78.87088447009882
100,80.23246535157308
100,73.74854351209105
100,89.05482860967506
100,88.56979132620987
100,91.65512871548964
100,72.90029265322893
100,76.32591492965494
100,92.33925434667862
100,73.78898657016741
100,87.45449607549692
0,72.76326253277394
100,90.03745326589217
100,93.34274013997089
100,91.03209799568563
100,89.80440634846974
100,91.45777151196297
100,95.43198999195187
100,95.91318275869962
100,96.63711183889768
100,94.17460100677377
100,95.61779692812192
100,91.05729599787858
100,92.630823821938165
100,96.02415973262985
100,75.14320498139075
100,96.92887535754723
100,94.74094994644034
100,90.24418420058556
100,90.83807213365435
100,90.46153323624735
100,93.45190927056154
0,89.9798109007919
100,92.93968255831035
100,95.73511506924781
0,92.83252765870924
100,75.60334493915838
100,90.35838605045511
100,86.39575765090177
100,92.69803416133365
100,92.4473498962586
100,89.77120884201227
100,89.53755678071651
100,91.2605836290976
100,93.54788196242552
100,92.48057273528958
100,99.34733031594106
100,87.79883055690884
100,89.80520902722662
100,101.89902530453313
100,101.8839342899756
100,90.3949113832259
100,92.05915145784226
100,95.73043861363591
100,90.08750854335553
100,93.52599299302251
100,106.39750514416637
100,93.31330795019822
100,87.67455953563454
100,86.64255347076951
100,92.1423761121599
100,87.3321687396125
100,89.26553145355558
100,91.14969530878186
100,94.54136984819087
100,73.1822773958297
100,104.46523773117615
100,89.39757571310334
100,94.20396076636958
100,92.96653009632267
0,87.53957274390842
100,89.30319259008552
100,91.60252093830077
0,9.992659716938576
100,88.85787682425287
100,95.8508197808553
100,97.00378188162045
100,95.01300448856021
100,94.62758362411422
100,87.43642578417557
100,87.90065914070473
100,91.25194672540951
100,89.87881535964878
100,89.08233886522311
100,90.58992494298388
100,88.53778963149448
100,87.67105642348564
100,91.10149048773235
100,89.6505622375729
100,96.60135863435383
100,93.31589866246769
100,101.1288519169377
100,97.917773194526
100,83.41102302442684
100,90.04202952563602
100,88.88369665385969
100,93.14512568203838
100,93.57748192139155
100,86.8656679746492
100,93.87095675129086
100,92.66867819774683
100,88.49278252956803
100,100.77206330677822
100,99.2656632269675
100,93.21760973652553
100,91.42005458404958
100,90.67134663238296
100,91.6263481482154
100,91.68595007506488
100,96.55704834079087
100,91.17975522556569
100,95.23759406770698
0,14.99585138870573
0,97.29190102647664
0,99.95719014952273
100,90.72702899317541
100,90.5632101089021
100,73.58647435148491
100,82.1990033022644
100,90.45260620494102
100,87.87992003710609
0,90.98268609748841
0,84.85279358876932
100,98.79144566555034
100,87.96657813662299
100,95.8528738163741
100,87.72380994147612
100,88.47285905159359
100,90.4584583857379
100,102.48828107024632
100,90.33324185661809
100,90.48837331193359
100,90.47579828524886
100,88.19433318474569
100,96.4094369284576
100,91.74787298614835
100,88.78216767935054
100,93.33509047610971
100,85.90788843579249
100,83.10834573265784
100,94.64928811063356
100,93.91812877327986
100,101.90083193424117
100,101.14314077658706
100,91.81287876980623
0,91.98014058004068
100,98.02191881571203
100,95.47636444081574
100,89.15251594431857
100,93.65603046539611
100,90.74800747474768
100,93.36095087087662
100,99.34832407338894
100,96.92294854155071
100,90.56977582127499
100,98.08190842069286
100,96.79930355379216
0,88.4263977607265
100,96.54700122718393
100,94.08778255012592
100,92.73613940313723
100,99.96147405136472
100,96.9687085961835
0,82.07178747779444
0,88.79741911208387
0,92.22081161485691
100,91.1290409641487
0,88.4544266371445
100,93.04721112811971
100,91.00859463739971
0,92.12715151621151
100,87.22046045090772
100,76.17260371957028
100,74.28455500580606
100,75.39648847894071
100,76.13153182820494
100,75.08777195172294
100,75.8207682207819
100,93.67388376044579
100,73.38016707330767
100,73.55190024385047
100,88.1841387950003
100,89.55714724414335
100,92.62121570705051
0,93.60074483115355
100,95.18595085974033
100,91.57368952238222
100,101.6321802273952
100,90.37311100802812
100,91.4916678868399
100,90.46645666236516
100,90.69974820189339
100,100.37037758680722
100,88.41570929966271
100,93.7146461487395
100,92.87996499567984
100,71.3509857691003
0,94.32495896509135
100,93.08460602320196
100,92.93083573788789
100,94.94577830278307
100,97.32752039535562
100,92.60922117024128
100,90.70221475187347
100,93.28126225253693
0,79.56947863170357
100,88.45895356722015
100,89.90461842704526
100,94.16626916567357
100,90.67708136145129
100,90.58725655345724
100,91.06944123618598
0,87.57865387208369
100,92.71423578413723
100,96.3977249021311
0,88.96722610481616
100,91.95572653301673
100,98.59649153114587
100,95.98961963291585
100,92.50977088550502
100,96.16276673447929
100,89.99552583981152
100,73.96360424946221
100,86.91111400206087
100,88.2281612072848
100,103.98745809896853
100,96.16235606163845
100,91.69825545874937
100,88.18361248124859
100,107.33516460290035
100,95.79541964173112
100,93.00742625868905
100,93.06679995358438
100,94.50097535377154
100,91.79426397855617
100,95.29670992946451
100,93.50825728764335
100,92.33878559887417
100,88.30987309906236
100,94.91428671162103
0,87.63400707721276
0,70.11250548587203
100,88.40431585506659
100,103.6074691950341
100,85.40953824825488
100,98.54341711545078
100,88.77261866074214
100,74.73063217502244
100,89.49279765674301
100,92.15508882913261
100,93.37915951649413
100,87.17824180170192
100,75.94999215649786
100,102.178594370878
100,81.70683486245309
0,71.41991793262795
100,92.88073649029286
0,68.74736961887704
100,89.26935005418542
0,4.2391530291532575
100,84.67876488669873
100,104.82767203219383
100,88.72104382477175
100,89.68599517275645
100,95.6813677351543
100,80.32168916777742
100,97.47109289563497
100,95.21798414440794
100,91.86119214112964
100,81.50695235636633
100,89.18836025216635
0,85.00413225957664
100,90.19356898090169
100,95.11702638539457
100,89.31430275691191
100,87.1779923086408
100,88.95959968696356
100,92.50024004886478
100,95.04049328166704
100,99.14142359973806
100,86.55616187773673
100,90.80685470618937
0,95.32707106330186
100,93.77683790424017
0,89.43473256516484
100,91.15813982269826
100,91.55831707216191
100,92.8603137441215
100,90.0601457942208
100,93.36741877596882
100,99.02570153958962
100,91.1291134663791
100,74.51050411086865
100,94.09544746436438
0,71.67712507314943
100,99.58159525169646
100,92.23964044254569
100,97.38086176628458
100,96.52821304353162
100,74.35545508053504
100,91.66235053283327
100,86.01035214439867
100,92.73900650830633
100,91.41582616987266
0,88.224476597778
100,85.56863869851392
100,88.9182443795792
100,87.60578370008427
100,90.38990173970599
100,85.74542954006277
100,93.3957312752739
100,90.33357619863277
100,79.14665576028017
100,96.57019671734861
100,88.17559648625752
100,87.96124894167905
100,93.32213711316956
100,88.224476597778
0,-2.871185158608384
100,87.94884691971681
100,91.35509793830805
0,74.79413450919343
100,91.46097378047577
100,92.91350702088192
0,75.2560080011447
0,76.00540592053689
100,89.84744333640174
100,93.7936604040814
100,96.0931253156624
100,89.45914941036536
100,101.61659223310659
100,103.17689899201368
100,94.1412483023428
100,96.9125745951366
100,91.97880413523589
100,94.83237200815276
100,92.2510690979471
100,94.00940588334863
100,90.02695727814793
100,90.27975387809595
100,91.58482292605774
100,101.56706864019377
100,94.34314626455499
100,94.65969330815065
0,94.18864495909565
100,90.13908090249723
100,87.44355802749405
0,14.287925692433902
100,94.388058830104
0,20.89438618147365
100,89.53874532120743
100,91.84889199108775
100,92.88381704686476
100,88.393058015787
100,86.05850455070346
100,89.21072967319913
100,73.5153933855367
0,16.38207355877202
0,12.485067011226235
100,91.11769009503313
100,101.84111247199965
100,90.40638290712896
100,76.14024621795569
100,91.19542842181957
100,88.66156371487529
100,89.82552904661847
100,78.06817250763474
100,72.2693451829406
100,13.975021005122713
100,75.2812237562248
100,76.48285346471438
100,69.99365721391757
100,93.21405213005963
100,70.60297436361704
0,97.22185888487414
100,89.80455915256972
100,87.89920955759828
100,89.64722479648013
0,75.72586284824568
100,94.21860135067642
100,96.010183049677
0,87.04448478334831
100,86.74164799313459
100,95.12197186386277
100,92.0935114440082
100,90.59279036425028
100,98.14731584259457
0,94.19549979069234
100,85.34691046536138
0,74.2293704458559
100,90.31131163603746
100,102.38754185726704
100,105.74769552621218
100,78.46233988470541
100,106.39750514416637
100,88.28188817013805
100,95.33944492125573
100,89.86577221158424
100,93.67195173759873
100,79.4343312418963
100,105.72385308728722
100,99.67066057250562
100,79.18599603964773
100,67.06047328802198
100,88.90909766747689
100,94.24888848503352
100,103.5478874520378
100,94.93646736098677
100,89.43473256516484
100,79.12498479304945
100,89.13572521264068
100,92.0180374977863
100,98.35118879442723
100,102.12117844257882
100,98.40120303667032
100,94.19848930199112
100,99.35333912249669
100,91.86944849481867
100,92.56509399367232
100,88.40700748758145
100,93.72926789987476
100,94.77503962308967
100,91.7076314018262
100,94.85254776094911
100,92.63378858283457
100,90.73696529043768
100,92.59959769567656
100,74.9941221931797
100,90.13900640797763
100,90.10354948033064
100,90.08869423925933
100,86.95946917129173
100,91.38684889583615
100,89.69424060176797
0,92.47864926285159
0,72.80542472009815
100,93.20308163017536
100,88.7567228858479
100,90.70314400653534
100,89.92743416333983
100,88.93648113276465
100,91.04692614819267
100,91.4143712623694
100,92.89098793645567
100,89.77120884201227
100,88.72012720820953
100,97.06316155604932
100,88.44786546379677
100,91.2685220470806
100,87.38431696156869
100,90.08598125645925
100,93.3076074316309
100,100.24035287563092
100,89.17253249367401
100,92.51936385129976
100,88.9809843345023
100,91.03596849074378
100,88.28280565453342
100,92.81300734061672
100,92.87832989838907
100,91.51196793861592
100,91.7215802898055
100,93.82541391998362
100,89.88608110386055
100,95.24774583268069
100,93.21727124878635
0,11.368905842017625
100,88.85000677695173
100,91.3826634631739
100,87.09974568858281
100,86.46557370690111
100,86.36608192082647
100,87.60578370008427
0,10.836141629422201
0,73.79011836232317
100,74.52122883014346
100,93.93970372033667
100,100.03540088189223
100,93.58522299401639
100,95.28770198677347
100,93.02612901190444
100,74.48478806034657
100,98.03183029267409
100,91.57744896682
100,89.94457501956087
100,95.68617727635294
100,92.30040905870642
100,95.06653924220575
100,97.50487006318373
100,94.39849586942206
100,94.19857286688806
100,94.69558147096716
100,94.41140557471515
100,101.37678884144991
0,92.10334331482507
0,92.10334331482507
100,90.62169473758912
100,96.29989302466949
0,13.883397923996128
100,89.91660208173622
100,96.34737345523202
100,90.17806437766849
100,91.08802674775615
100,92.10476421686279
100,90.31899454471542
100,89.37578781409887
100,96.38104257988041
100,93.55433322379118
100,93.02885258666878
100,89.98325937675439
100,92.8317453943666
100,91.50309362729716
100,102.47291137695774
100,87.51157733294859
100,87.84377478759097
0,76.57290651381432
100,92.55372994610698
100,97.98270829641527
100,89.00779769015637
100,88.68613686978762
100,91.00018307541967
100,91.47031866223446
100,94.86834833324522
100,98.01739475187901
100,91.10818102905392
100,96.1110220104689
100,96.6932842493793
100,94.00925519121424
100,94.25673235029173
100,91.98710618882691
100,91.11789169716717
100,83.3912408970719
100,94.60192310698638
0,87.28198356744153
100,92.24598043278715
100,90.41684888400964
100,94.73440859147021
100,90.08055529085914
100,95.7748801503964
100,94.85767154312204
100,90.95541621569465
100,95.61090829641101
100,91.52257000177642
100,92.39598310234456
100,90.74800747474768
100,91.1696653341817
100,91.46311887086979
100,98.78295060057205
100,101.25177815646278
100,96.43390257872683
100,92.01448557800265
100,96.88606689241139
100,77.70879799561789
100,79.40079783825908
100,77.62253373153837
100,78.8918041348896
100,73.12227573018696
100,92.24717425451439
100,89.77120884201227
100,96.65372417315817
100,93.75495811862847
100,71.04880158196521
100,71.3641937438774
100,80.64931829683093
100,95.46707561787467
100,74.40192279822405
100,77.20794547524721
100,91.94634434598
100,83.96655098922379
100,79.12498479304945
100,90.88976572082407
100,80.84514720085306
100,76.07343825609614
100,79.12234537084939
100,80.85028743867908
100,74.70626980481516
100,73.00204927640786
100,79.79989737885933
100,76.7164247922815
100,80.37999396528222
100,78.39960979802592
100,67.57248408838588
100,76.52616153268751
100,78.8004605213635
100,76.22203783685208
100,74.69150992881816
0,73.00688579397396
0,74.64324234902449
0,68.26051130774236
0,73.02554947926029
0,1.9196690717099472
0,80.49317911160463
0,75.60606322183669
100,-13.40037707645699
0,-0.4626946171572115
0,86.93351830895597
0,-1.8717540416346736
0,-1.6721493387138935
0,-7.690879468332426
0,-1.8229685721139077
0,-5.787446763280968
0,76.01270291162933
0,82.76115209695405
0,2.4971273426178016
0,11.28820228260885
0,78.54891866020367
0,74.63267882776985
0,73.77898661664895
0,0.15377125935867753
0,68.38234923999957
0,-2.11310043211229
100,93.94779548586399
0,17.802637203341774
0,89.40613794045623
100,92.62004925856134
0,95.54498730177276
100,89.79686518214325
100,92.17379029309653
100,86.76867422945695
100,88.86833552833687
100,87.72230912900403
100,98.43795392773177
100,93.2147145213286
100,91.54225808404581
100,101.97403939895013
100,91.0780014648189
100,93.98323020929266
100,92.91866692459125
0,81.1480265771973
100,91.31794108624656
100,91.39051362767037
100,88.91574203689551
100,91.75784387430994
0,91.35623077850964
100,14.199149889118601
100,88.61482150219652
100,97.76480290937042
100,89.56946891080193
100,95.67592119810317
100,89.44829747916512
100,88.854607189325435
100,90.77726304646458
100,89.07111317838876
100,92.08129893368599
100,99.62138873639242
100,87.85698598482291
100,93.25951520470356
100,91.90285562657354
100,94.57477520816664
100,90.10701847839967
100,87.28621539124951
100,89.98965376464713
100,87.62364322630302
100,93.32664085192289
100,88.89598641150194
100,86.8869470790379
100,99.83556514991939
100,88.41957195711598
100,77.9894556268449
100,87.25812462132936
100,87.77012793000195
100,91.32167493119238
100,89.80657497582365
100,88.44101911197079
0,93.72229939355466
100,91.3576440296205
100,89.17977692887996
100,92.98047176395286
100,95.15197959009896
100,90.79122402675799
100,98.45189620285754
100,94.0808845780998
100,93.2247550990136
100,74.91787308873218
100,89.30385630954729
100,103.1138837797107
100,91.67180075368222
100,88.33542640153127
100,88.0787122703527
100,94.5302611007961
100,90.36656191859667
100,87.85857770713572
100,97.34065173891668
100,94.00487995904805
100,86.97727226116167
100,89.10421827412516
100,93.56419806817388
100,91.30928583520938
100,92.27668751539417
100,90.69946670080368
100,99.01709417435778
100,72.42269627860799
100,94.96779880364613
100,95.06880729155355
100,97.45693863722987
100,90.94099155989122
100,90.16115049356648
100,88.39044637750747
100,98.6395662215025
100,90.22315242134029
100,93.15327083161826
100,76.51032063512795
100,101.06364778599564
100,95.08485932008416
100,92.13824382244904
100,94.48181015022351
100,93.88602431431438
100,88.72943919061069
100,88.8564470578803
100,90.80383931073114
100,92.53779756071481
100,92.53314390351348
100,98.00392836257748
100,92.03206607796422
100,88.36368249975908
100,96.67967827374649
100,92.28182474063493
100,76.66066661393383
100,89.89962325817613
100,90.79110158629767
100,94.72472215837351
100,92.37085242605023
100,87.38652820309142
100,90.54010350678527
100,95.1440164062264
100,76.01071839032757
100,96.22728594525765
100,91.29478092496832
100,94.56711330194038
100,88.66987565124653
100,93.34496918550765
100,102.68090730575541
100,94.02687484140279
100,74.25021389208956
100,90.31756286889781
100,97.62561697276217
100,94.93499387311714
100,90.73435512834696
100,94.87844826054783
100,91.49136463466914
100,93.06604279395232
100,89.10861679550955
100,90.24201097228271
100,94.05378104402222
100,92.36935013742385
0,88.53382304662485
100,87.77712467125413
100,88.8431694954717
100,87.56973680862276
100,92.29508105010152
100,91.00859463739971
100,94.49290595591441
100,90.21808453361109
100,93.26556806904259
100,89.63881501143634
100,85.5411029482235
100,89.2715115686685
100,97.18376229031828
100,76.08250470445981
100,96.98436505372602
100,88.08438793513267
100,88.09051615825135
100,95.65835051224738
100,95.22682293023321
100,90.20266757655028
100,94.7508808393978
100,87.75141546671583
100,92.3886259901911
100,91.23149447662277
100,72.4616728446326
100,95.60468708214773
100,88.84817913899161
100,98.18826243623495
0,18.688348620311686
100,90.62734520901112
100,93.68852446710433
100,86.61833609857656
100,99.74897170631345
100,92.37512279848652
100,90.75703691440239
100,94.51425313181848
100,90.50748698435432
100,103.24094239208246
100,93.07257531102586
100,91.63300630400543
100,88.48863090922714
100,91.93663398394028
100,84.33942505618981
100,91.73116462789629
100,88.7874344301758
100,90.08055529085914
100,73.46888400942774
100,91.93663398394028
100,91.93663398394028
100,94.45210031671603
100,88.61455088733663
100,91.59468026552372
0,11.029621044122564
0,86.74212140191152
0,74.29032148566907
100,97.28529675654086
100,90.8851034874435
100,98.68659005876502
100,93.2781186277212
100,90.4674313452015
100,76.02057457599422
100,73.29104689706926
100,90.98307735811703
100,86.36839790469683
0,76.03152030458087
0,78.5608291563287
0,86.30937966468662
100,78.69680942762696
0,75.62753516218078
0,80.1537403292162
0,81.7259319421814
100,79.31550232532067
100,74.45765823234598
0,86.08598530640246
100,93.67388376044579
100,87.88800032093053
100,90.37914162100941
100,90.1513979011573
100,89.29122017982962
100,99.81844106171822
100,90.94453714045592
100,88.47549445795856
100,90.26654352450163
100,89.45643642756531
100,91.69368348418665
100,88.22072439260582
100,92.91423056134757
100,90.6572753826154
100,96.88302524913114
100,102.19431247176819
100,91.05494014389075
100,93.3260124528878
100,76.97718302796679
100,90.89190981314113
100,95.38792673241525
100,75.35710295417796
100,90.65196650376687
100,92.555326881634
100,95.85601500817205
0,89.17183866432615
100,92.42601422818204
100,89.79406014181085
100,89.58458288525489
100,88.65158179375112
100,95.7610908963381
100,96.48529651567229
100,92.9867803817655
100,90.8874263647287
0,72.63673147907478
100,93.43299403314096
100,86.68679204610912
100,92.65722852213528
0,91.09218178455265
100,88.21362466657774
100,92.83545491674883
100,94.50204918764027
100,96.69476796946245
100,99.38187354289207
100,101.6324093783439
100,97.11549273639746
100,85.88028086802188
0,88.9397779376634
100,94.32921246920621
100,96.89331778401825
100,96.37245888901649
100,86.65203277632729
100,93.65411073253924
100,89.68334413763401
100,89.23308413183267
100,86.07732908625493
100,93.33826133909497
100,88.07493141247943
100,88.04886552657679
100,94.45210031671603
100,89.42080223726818
100,89.46186239316542
100,89.13895103031827
100,85.50763507706691
100,89.04106625875161
100,90.06699037685884
0,91.93663398394028
100,88.44548632012386
100,95.52295784015375
100,74.52528838519652
100,86.62514686013697
100,98.96940920190909
100,95.72712023553845
100,79.82199912774873
100,99.31768983987641
100,74.66174067861749
100,95.44134656175702
100,96.12377759836461
100,96.74324902757368
100,91.40637547965156
100,90.88976572082407
100,93.38262183810734
100,92.59658956666841
100,72.91640270174092
0,15.035513911662392
100,89.47735933001276
100,106.09277645922403
100,89.11842064031022
100,102.70461639860598
100,98.68169236985221
100,93.67288903776802
100,92.23379457644604
100,95.22061600468008
100,100.07075443919531
100,91.73172175067884
100,95.99883256095032
100,98.83412104977094
100,88.6532208536835
100,94.20267595835685
100,92.47029743058638
100,95.55443852555477
100,86.94369776324778
100,85.41322873015568
100,73.39936422162637
100,70.1322846621192
100,88.47567888251663
100,91.28754656307592
100,94.04829551533986
100,91.89346502034722
100,87.46848020654522
100,91.15135395381374
100,91.79082177732906
100,90.17763456352412
100,102.79858665181274
100,95.2845069704923
100,92.51286227259831
100,88.00793346489229
100,88.8860567000086
100,98.81785878460146
100,103.38254595081179
100,87.09451557250841
100,92.93932194397077
100,74.60332390092941
100,87.59962467464685
100,88.0011585344518
100,96.18529116228736
100,84.88875980516966
100,90.50352177252682
100,89.17996584346687
100,93.64809360871733
100,93.60707414333653
0,84.97653307100238
100,100.24297638481409
100,91.58823448869394
100,93.06600159340218
100,95.92521268718228
100,91.90109313265263
0,90.06427739405878
100,83.83431953503673
100,100.3307720314859
100,92.19238242007594
100,100.12435610248866
100,88.23889333476357
100,91.19638195913741
100,89.1324090782919
100,81.61103709238175
100,92.20045801527942
100,85.55242558728503
0,94.824193179603
100,95.52606663554447
100,79.66701892546314
100,90.06869248150156
100,95.14133255970695
100,87.81847160976905
100,96.15757525957385
100,89.65689953794474
0,79.39435444381957
100,88.06017065707076
100,89.4055368520922
100,101.88147433418106
100,95.5899636152751
100,89.08017707351037
100,87.5331619126029
100,89.1930162691685
100,104.12172861341418
100,74.99665097063311
0,94.2100802466921
0,102.34458129936154
0,93.03313025965463
100,91.04809574437644
100,88.72760480597697
100,90.26411957063397
0,90.25594130017936
100,94.53560317916315
0,87.06020866510514
100,86.55913501161132
100,95.69354457494852
100,89.62166365671372
100,89.85476113007387
100,94.19595925304876
100,99.14107631511547
100,96.01183781832819
100,95.1815629582806
100,81.97738921839913
100,92.81295373085918
100,84.53946306946054
100,87.7693179423513
100,89.40065502657588
100,89.23518048776184
100,91.39313586307449
100,88.59282989389978
100,88.94962731977428
100,88.44284829605209
100,88.57794347267117
100,92.39554546352592
100,91.50845861851779
0,71.63982342193856
100,89.86796670763862
100,100.42966706680325
100,88.5138192569077
0,77.09193301928445
100,89.07073964838116
0,89.65091043500698
100,91.89417673796757
100,91.8846563669282
100,93.22639789852708
100,93.96345718138609
100,93.82337333470079
100,96.88617716549001
100,87.95536896183823
100,90.92356518635209
100,90.20043361010987
100,92.49813088914769
100,94.66620978704844
100,93.51517460720413
100,94.78367319858195
100,94.30313621574552
100,92.9464404257971
100,86.65061452554309
100,91.64085244909373
100,96.2582695073357
100,96.70335446528817
100,87.91513014893113
100,95.55723881952393
100,94.05783531401906
100,100.42021568699151
100,87.88800032093053
100,89.0988043394082
100,93.6496891092587
100,89.74407901401167
100,99.11586627417233
100,94.80942022421016
0,86.34635393231427
100,91.65656701415524
100,91.55296718102532
100,90.00973109564055
0,94.63355978785677
100,98.96006810644715
100,93.41196044729938
100,94.36112996977373
100,74.6481757646172
0,87.18013765921512
100,75.43069315107468
100,95.60733677621582
100,75.68071926184724
100,91.72588190014133
100,74.54555134027166
100,94.52374706937115
100,77.09174859472637
0,86.43026719446621
100,83.84750560632096
0,85.46454729054106
0,87.61433100406802
100,93.37534383318021
100,88.09523866710092
100,74.48478806034657
100,88.30779618235158
100,92.48733690201459
100,91.49631133118282
100,92.96992751573832
100,88.31764452913663
100,88.16374464860047
100,93.49321530093901
100,89.68153853466221
0,72.78968358742567
100,94.1443287622239
100,93.62042406759882
100,90.15510998995049
100,92.03891565352805
100,92.54611009413287
100,96.41053630870321
100,90.65196650376687
100,91.39866892695835
0,93.52406097017546
0,90.05882159711662
100,100.46902992787867
100,96.39191310471007
100,95.6875004985937
100,90.55457863527333
100,88.84772132070509
100,91.85160453289267
100,86.90094785369405
100,92.83000003307247
100,94.70006036329251
100,96.2436899320934
100,94.2162682614243
100,77.57825254881516
100,93.77797111839986
100,91.41146670731067
100,93.53859840713034
100,92.82044951863162
100,78.38746297878009
100,83.37377180661964
100,73.5431837998057
100,92.37162037079614
100,89.48381096536792
100,99.40164349826577
100,101.69279220912341
100,94.15032143031794
100,91.73944603399306
100,90.23505607662932
100,92.19263699354143
100,87.2964372512374
100,96.53987933475625
100,90.24894811791295
100,96.13814478493131
100,96.139111580856
100,84.39514657656675
100,93.07271243147974
100,95.47175200801482
100,89.72457630530883
100,89.48212597235941
100,102.58992038843792
100,94.63714113535802
100,88.36200584052993
100,91.77981457819784
100,90.79855058678484
100,93.81690290004383
100,89.02506029207962
100,92.88493690967485
100,89.17079357472352
100,97.6694529669007
100,97.87200523788013
100,95.17280575210853
100,87.54149702002219
100,90.66528092304252
100,71.7547154969947
100,90.18816180849565
100,93.67388376044579
100,93.81984250502202
100,88.45407632333219
100,92.31392189101399
100,86.93125562791577
100,94.17445592363151
100,94.89047934310892
100,88.0380183085004
100,91.44708345194593
100,89.38591458982863
0,87.76701126093124
100,95.8393089023738
100,94.03527385654085
100,94.7222427391651
100,72.0657525278125
100,74.43107645543621
100,90.42705859176748
100,89.39726821333186
100,93.3660375685419
100,92.49223402329916
0,93.79271267702143
100,92.81349524196501
100,95.05221463234929
100,87.5653629836288
0,93.84455202460502
100,92.54883945971437
0,95.95813781894944
100,93.011364452449925
100,88.0818266889523
100,88.69362431017315
100,91.2290742971346
100,95.21415057067215
100,89.80293358755516
100,93.95251394056974
0,87.24071279852822
100,97.02888444518968
100,91.34700293709422
100,91.59846341777313
100,95.0539768355329
100,94.30494775041257
100,92.46779814403229
100,93.17401977932772
100,98.04266386913447
100,91.18356917182506
100,102.11038758575228
100,104.122880389978
100,91.37149546318477
0,88.30320411148452
100,97.53785868118493
100,101.75258722179423
100,99.50108393635657
100,88.99175616574819
100,88.51970235734282
100,92.27382161318336
100,87.55915116338082
100,98.70082084831316
100,101.17958801677216
100,103.43004198562893
100,88.65329425313828
100,89.10920744148
100,88.8605392263561
100,87.63497313321008
0,97.1476170689105
100,88.89919901850769
0,94.1020591258683
100,96.01239747495062
100,92.4769549735319
100,91.34507091424717
0,89.09437178021035
100,95.52087933188913
100,92.39977589977708
100,96.62291821958102
100,105.2438024658758
100,93.26602626541224
100,102.47908427749269
100,93.74846172860069
100,91.3073077513638
100,87.3328780210343
100,88.98391953071797
100,90.75492530849858
100,86.60719351881414
100,85.10388228130881
100,87.57865387208369
100,87.73003793461396
100,90.86763446593167
100,92.70863943766051
100,90.25557588628301
100,91.16309542316989
100,87.91513014893113
100,88.08381137823241
100,92.12715151621151
100,94.54639307142811
0,93.89626935951685
100,73.56217467940611
100,88.33120991122607
100,92.4167249371518
100,96.84184292453244
100,98.7765249883881
100,98.63959324430965
100,95.12865602470798
0,90.43854101295612
100,96.57639992986896
100,93.65411073253924
100,91.62728753509343
0,88.22687982935977
100,89.99989607355599
100,91.13861888048687
100,89.22204896241341
100,89.46186239316542
100,90.98802770677185
100,98.15924387878846
100,88.7135776403934
100,92.98811620675477
100,94.48104934809096
100,92.72976124631523
100,88.07445939035671
100,91.43247826430304
100,85.98711931971255
100,94.62875847724689
100,92.48921678768534
100,88.6980646063921
100,91.45547032899852
100,78.21534391708374
100,97.86048347880796
100,90.72253640378808
100,92.53710155442326
100,89.34286614469663
100,89.03695125482383
100,91.95166838837024
100,91.62029660014875
100,90.38990173970599
100,87.90156523493083
100,93.99426282189677
100,76.82602124487582
100,94.50340794313541
100,90.53852914532627
100,91.64821519608796
100,92.6987878377504
100,89.04075135598667
100,74.9189582818522
100,88.11277847220776
100,88.4846799273291
100,92.03948154104361
100,72.61514445326513
100,91.05086427375534
100,89.46186239316542
0,94.21782251179509
100,87.32287991667141
100,102.43914101065324
100,90.51291294995444
0,88.26979105734083
100,96.5310783809311
100,90.36784113660855
100,89.62738926383295
100,91.35139629446192
100,95.00838132808036
100,90.2848760799326
100,87.992902038909
100,93.59097274581109
100,90.31029250825931
100,91.59302238175529
100,86.65156013008571
100,100.75601076263393
100,87.3542073128537
100,93.70116012644279
100,87.80786979676932
100,73.50841782688522
100,94.75154442864712
100,91.13437680647174
100,89.19663637036489
100,90.69924818855286
100,86.98709080239055
0,99.68391836683165
100,89.18205730057616
100,86.61632671822987
100,75.05472120119028
100,87.1230389909
100,94.11968250271363
100,73.19166719966323
100,89.29326597956484
100,93.67456748779261
100,91.23041234864486
100,93.13972756838405
0,90.88794803296034
0,91.76157342037492
100,75.61001457668581
100,97.74546495778333
100,95.96821515930768
100,95.2838778790026
100,91.3842567122685
100,87.12648924633969
100,88.7567228858479
100,93.23681575148481
100,91.74288689541743
100,91.21934750134724
100,91.62728753509343
100,92.06577634963965
100,87.90879015868968
100,95.13885687100438
100,99.00331671161133
100,93.51863500457534
100,86.27569434487278
100,89.31383500304372
100,93.57125918007053
100,92.46294063049237
100,74.95490363120811
100,91.89430911819734
100,88.26186250402833
100,89.64616946851861
100,101.68612194747712
100,90.04366755782509
100,87.12929678058148
100,87.29598398234691
100,90.20301253115169
100,92.90059749102073
100,88.3435057659508
100,80.01911370626068
100,90.28684673524344
100,87.25973431671954
100,90.6628069506668
100,89.84554794931259
100,92.16193458793602
100,87.62537628703551
100,93.38054327827093
100,89.63683692759076
100,90.38401836301688
100,89.49924829941577
0,93.08449164984717
100,96.34054993271889
100,92.57160477843436
100,93.92402791868247
100,91.02048528808452
100,90.39594745277132
100,89.92514469838203
100,88.54161280666014
100,88.59498838546126
100,88.9456594841009
100,90.0082911982153
100,85.54855200985884
100,100.2214198543958
100,84.18923656384159
100,79.2054824664032
100,91.31794108624656
100,91.22533545989052
100,89.26013226216085
100,89.60296306454757
100,77.04005732447519
100,91.58710832297173
100,93.56180873643709
100,77.9275127797099
100,90.36411158797753
100,90.52409160224754
100,93.0606168283522
100,92.08237472634424
100,79.78909033393478
100,96.57898412625478
100,92.66482135883197
100,91.10766102457035
100,98.15868547810186
100,95.90453980623825
100,78.83556382036987
100,91.64268420572515
100,94.84919449928883
100,92.49794165476871
100,98.0760810690049
100,92.2297753164382
100,102.8490344658377
100,92.57703074403447
100,89.23070748976728
100,95.026680299758
100,99.31493703827351
100,90.55541588397462
100,103.18806386563033
100,91.86770798691175
100,92.94327685884407
100,88.38380583920356
100,74.02755084407643
100,92.42100102821102
100,95.35352851896894
100,91.36643793302541
100,98.22357448450154
100,96.75400133708636
100,90.83706302758344
100,90.65137621368558
100,86.25338945857298
100,92.80584557565336
100,90.59920936229453
100,90.4899132633301
100,92.43649796505836
100,88.66407278488373
100,89.91833203993077
100,89.05783979492838
100,91.22950606872271
100,91.46089367533287
100,75.56231698114215
100,89.67459985840115
100,94.99824913229291
100,87.4052489398329
100,76.3206322019
100,72.8638870262309
100,77.95570117263527
100,95.01381527573024
100,92.45594625574778
100,74.93238853964169
100,90.93968514114958
100,71.39681650132647
100,88.1862021641947
100,96.50446008536973
100,79.24721854302938
100,105.06410182062697
100,92.27399566239428
100,89.2012752305134
100,105.76730771357497
100,95.50255502055457
100,94.01702967482068
100,78.4041473007578
100,86.29338930098619
100,97.17604693906937
100,92.3547207590359
100,93.60130348099386
100,100.16300709254281
100,87.914149031512
100,91.5830637232442
100,90.80261251094291
100,72.29286707395175
100,98.22854469499984
100,79.36501829016548
100,95.63446226862376
100,87.70198741005869
100,76.47111649168662
100,95.0236468370537
100,97.0903381607323
100,75.36116141702301
100,84.02853729608518
100,92.57970762564459
100,90.40617963650635
100,94.93934360763619
100,90.57326717829022
100,83.0504885532666
100,91.13884437565859
100,94.95553219454746
100,95.54755758285461
100,90.29130815480666
100,74.70266533882273
100,91.82713919468287
100,76.55874403190387
100,78.23957221135682
100,92.17854689121577
100,91.2319666547752
100,90.49306234661982
100,86.51594727653585
100,87.6290761255558
100,96.5599034405688
100,81.10248606884328
100,98.24806862631007
100,95.92874444589319
100,92.9963631079246
100,91.98290095071766
100,82.79115150069774
100,76.16154454766803
100,105.32727419870298
100,93.57328095122949
100,95.10039629497716
100,99.04156361336081
100,93.53029216520848
100,92.19614186451372
100,98.80998924275389
100,92.76602098940941
100,94.08242653341112
100,97.75631735707272
100,92.7565204054847
100,89.63271649228926
100,93.50650356524064
100,89.038079508265
100,89.80492561279796
100,88.88055540172205
100,90.73139152858388
100,89.31107353593956
100,90.23631551369705
100,77.41083541907794
100,95.06029347194445
100,98.05612941930607
100,89.05250395260532
100,95.85551323857418
100,83.4584287430425
100,91.64085244909373
100,77.73232884320034
100,90.7049296689288
100,96.54163634444862
100,75.94501736566363
100,90.02795779745242
100,91.601959425725
100,78.42668423291134
100,93.42108086098357
100,72.30579800441826
100,77.34846883712571
100,91.91308991834258
100,83.60806608000442
100,100.35915534389783
100,89.08763835005635
100,97.43173113389149
100,90.11601616437433
100,92.45140431715308
100,88.60790283510352
100,89.47752515993437
100,74.9946155962296
100,100.19957341462641
100,103.43896510100936
100,90.40448427694685
100,92.82871030014662
100,87.43958820985209
100,98.24928715392595
100,90.92715162707442
100,89.60223284291148
100,88.76176535750682
100,78.80090827602044
100,93.99950810609302
100,82.7389050619778
100,88.93845434644963
100,92.50297679202392
100,74.68645004217076
100,95.2693752908749
100,93.79592196324724
100,94.02774432953731
100,90.69924818855286
100,91.27554088781719
100,95.97576119579479
100,91.03030130576903
100,101.73666607598638
100,90.72637801655344
100,101.81115866589958
100,91.7272990587175
100,91.00859463739971
100,94.59434874112878
100,93.16666681707085
100,94.58477175226375
100,89.41220487356291
100,90.34944145873345
100,94.53285087586767
100,88.88874580513006
100,92.49043144065153
100,91.54225808404581
100,97.14157151187489
100,92.77964387943325
100,95.01109621290334
0,17.73986019877222
0,87.21403514721013
0,70.77274500916758
0,12.472354607467864
0,77.90658492011696
0,91.21649661794471
0,95.30651255022295
0,89.54046592152864
0,97.93040600640616
0,75.83128725004035
0,88.4384544992545
0,19.53377114396781
0,74.62663311470452
0,84.82166566046254
0,70.53210100257192
0,72.92449090211198
0,86.30553658832117
0,91.33150600024686
0,73.09679851473581
0,-2.6944694292515265
0,69.48459556985586
0,93.09024524048608
0,74.53042244529156
0,73.09199167248202
0,86.58570622822526
0,73.9093902892066
0,81.29040993497746
0,88.79129579168432
0,91.75386795833073
0,87.15591775418932
0,12.95596602949118
0,96.41290371791509
0,15.604738904229805
100,92.79460370010005
100,88.08174285749135
100,89.21047705077171
100,89.78412925402311
100,89.80578540099687
100,94.90226526562205
100,89.41471601580938
100,93.03063174967603
100,97.51494665562575
100,91.79152909486068
0,12.836066490199073
100,94.55254194466985
100,89.1299105447861
0,86.18733159620763
100,94.38295733811236
100,92.9602365768433
100,94.50192362887572
100,94.3127532336437
100,95.02428412174578
100,93.70768322597382
100,91.66467344134377
100,90.0242297497859
100,90.51420721388115
100,90.43498234295717
100,90.55858296900728
100,92.08055854045205
0,13.076351972740142
100,90.64262740959097
100,91.11182985875007
100,89.47105946806755
100,89.81542650680392
100,99.62864919756204
100,91.85067266153109
100,90.89715927690028
100,90.22240034521708
100,88.55889227660148
100,91.39313586307449
100,86.82655138935696
100,73.19983732177423
0,85.11744719530911
100,74.7708828964767
0,75.72217385573401
0,71.37775865787769
0,93.20402585397773
100,93.16881713062241
0,76.82002651872916
100,97.0476328469136
0,94.37773180879839
0,93.95867677261901
100,93.54392673036072
100,71.00600032270145
100,86.1045738733577
0,78.3738980647798
100,76.56877019194928
100,91.59845549248999
100,90.60376817663278
100,88.75294581619137
100,90.1660508374663
100,77.2586307952651
100,99.73835481263187
0,78.69680942762696
100,86.6641794395434
100,75.89912647400493
100,92.24598043278715
100,78.80024245371946
100,93.04162594875179
0,88.59575623122005
100,89.75764392801197
0,62.72962300416596
100,97.66393063784193
100,89.13895103031827
100,95.08954161613367
0,88.36229143680858
100,77.20828618269279
0,68.50242740108392
100,88.32144391718165
100,77.01738082858583
100,79.68266995163192
0,87.13589783820383
100,86.60804232046821
100,88.73751390893713
100,94.23272340028373
100,94.30885455493987
0,87.41719819066009
100,88.53382304662485
100,93.79271267702143
0,87.63837499886341
0,88.52025813262455
100,88.9964862284951
100,91.01645903283269
100,88.1645725474047
0,87.20546250066468
100,88.61204027251196
100,90.95470034879241
0,93.23180850517726
0,70.64475645611645
0,86.15083437588598
100,89.05956542425275
100,93.61695388047775
100,89.99410868123533
100,72.61514445326513
100,89.03221753731327
100,71.9744758623057
100,86.93235551361498
100,91.38510401295807
0,88.15647653940874
100,91.01041576304927
100,94.73431693756231
0,72.67119950941495
100,97.45266576979294
100,96.28371304746852
100,89.2283076882732
100,88.32448812140208
100,89.15251594431857
100,90.86763433599519
100,89.15251594431857
0,85.55287932325764
100,89.06943598787309
100,87.42432407291383
0,94.1020591258683
100,72.16981773312001
100,89.21444912891377
100,76.3327249990587
100,77.0711101702563
0,89.44015510067723
100,92.79611762062724
100,89.25111030936645
100,88.94098346791885
0,82.32506296020895
100,92.50505461109027
100,89.80415445204369
100,73.58319137924
100,91.09462302292039
100,86.69220861769394
0,77.01606862380783
100,89.77120884201227
100,93.08813647278349
100,91.23203287327341
100,86.31025374058862
100,96.85098279329549
100,88.83723677758694
0,89.14708997871844
100,88.6711431747592
100,94.01165383212377
100,95.5914402247461
0,91.67053900455204
100,92.80584557565336
100,91.71372881004056
100,93.8278022642777
100,94.5411882306087
100,95.46658611685069
100,88.80582171980465
100,89.5138772754937
100,89.93558857288922
100,91.42032317837763
100,89.70227530041252
100,94.01101007157268
100,95.28165954807349
0,91.42950470158203
100,98.73788553683478
100,102.51468826148262
100,91.49392607427505
100,88.50149982781382
100,72.46954416339132
100,90.5755096090141
100,98.64533470978543
100,95.25884001387222
100,14.36535548904996
100,89.04647766717983
100,91.9789439017422
100,94.87989508407804
100,87.75425346671408
100,89.18139843737501
100,93.43506185240551
100,87.16178057616943
100,95.43854898763114
100,88.91851178356279
100,91.92141490490707
100,87.47647478233297
100,90.16747439069479
100,105.56793752969006
100,89.7295606294555
100,96.81748481213724
100,92.8589496585612
100,88.35902990641385
100,89.09995113191806
100,87.629942795835575
100,74.90085550373493
100,90.79205212320691
100,91.17383096524287
100,92.48765209489179
100,89.14607292274594
100,89.66484030270436
100,88.8947177612651
100,89.95305049310875
100,89.94991939967916
100,90.4827053650136
100,88.22140690784653
100,90.40804204330722
100,90.49981192134317
100,93.96635869548882
0,88.20051080352715
100,90.37389041630493
100,91.2579701623069
100,89.73391734018647
100,93.22525573421431
100,90.8771083533066
100,87.79139095069948
100,91.90984865733478
100,97.00722047874407
100,93.46528514489455
0,-3.399023896077267
100,90.67452003407989
100,94.82014208595378
100,87.76235933294974
100,93.18942802420295
100,87.38886702923034
100,91.05677122351713
100,90.59108051070058
100,88.62587456602735
100,91.44598553887349
100,87.4268216650779
0,78.77459229042799
100,91.78851828872892
100,90.40533609990075
100,90.97880388375754
100,92.8668496355232
100,88.22520459118716
100,87.76679635384338
100,89.0378368111457
100,87.52419974625859
100,90.53282188651926
100,96.16440244394029
100,94.25184234028761
100,96.21537507514313
100,90.07147985455505
100,88.36913283051342
100,88.35041082491176
100,89.85583841853317
100,95.50562265084929
100,90.30686553578316
100,90.48965434787034
100,74.23731090126908
100,90.37502994528687
100,90.38859138796084
100,86.95406812144668
0,76.52659647666488
100,88.12109940975556
100,89.41458070837943
100,90.97139333635558
100,91.30856205721341
100,89.77248755442048
100,92.51676297681507
100,91.78633262706708
100,91.64465726597781
100,90.95753878304453
100,87.03709418159856
100,98.10134469294401
100,87.31000918015984
100,85.38394912183915
100,91.07371217771355
100,91.42590279325057
100,99.8701985398553
100,88.06670961358319
100,89.02075345928594
100,89.60609492783335
100,94.46947004760042
0,12.53863191724183
100,94.7145010684698
100,87.097264467929
0,91.67995866791914
100,78.66646217069611
100,89.98191233867408
100,92.87588709688215
100,100.61611461438324
100,88.40547912339767
100,93.55935920918012
100,89.83307813178165
100,89.2360394855072
100,87.18266664300268
100,87.24553663000542
100,88.82294667742936
100,90.42083638459069
100,90.20410225142354
100,88.73849903156338
100,90.73568895834974
100,94.52799244066412
100,87.5887442212142
100,78.98851977322957
0,91.71782068933803
0,91.788743216517
100,81.03532314213177
100,92.12715151621151
100,93.361391067831
100,88.29542060290738
0,92.87247107283247
100,89.85899396609085
0,89.97165724303916
0,95.1754913033669
100,87.27469872932997
100,87.62001185130006
0,94.00256792972317
100,96.19472994013108
100,75.41282740688715
100,91.98058676826133
100,86.93374736314483
100,88.02873761716407
100,90.65593999506073
0,88.81183835200392
0,69.54143098637407
0,78.79392119987409
100,75.81249345143314
100,85.94524187112935
100,88.87823249321154
100,92.78114978929221
100,90.17657394959059
100,86.35483299069654
100,90.17751888102428
100,87.01112374489338
100,92.60268016871927
100,72.27098064385945
100,85.6654577368202
100,87.91513014893113
0,85.85630581374876
100,87.38095467722869
100,89.32665911762588
100,89.9166016729703
100,89.2390566940145
100,90.54615846170407
100,73.67620277280984
0,87.56531310568522
100,73.05234960618523
100,92.26786528194103
100,88.46299400186808
100,91.01595613743925
100,72.35216715881532
100,77.31530806729533
100,87.92174719510878
100,86.9016818731669
100,90.96105716588411
100,78.21231240058339
100,85.71107752328254
100,93.92812506031231
100,95.11466594129149
0,75.89112334655336
100,88.67507063484585
100,92.04715327863155
100,98.51682336685609
100,93.7773593655794
100,87.76627574942388
100,90.63741376447452
100,97.17832396608989
0,93.26790936102125
0,72.93237683452786
100,87.81494761056081
100,88.71205293090959
100,89.68153419807508
100,81.5199324152069
100,91.69968356533133
100,93.7976220306381
100,87.27232119650235
100,72.49871397419474
100,86.22037051457514
100,73.67739382885628
100,87.87715785722911
100,72.09841770085085
100,73.34525477704719
0,86.45356023863063
0,89.36047118258412
100,92.91673514907865
100,85.23273504811985
100,91.29313664630533
100,89.42452870912427
100,74.19529118066966
100,93.49976835526758
100,86.05976280824561
100,91.14459413001934
100,72.38810671500349
100,96.41789501822974
100,94.70066900053112
100,88.9607211460335
0,86.48346603672776
0,73.78447402990625
100,92.9989112163239
0,88.34083719229336
100,90.34503410801068
100,94.29375122920212
0,96.3580174220409
0,101.94120842826335
0,88.69688652115227
0,80.40181625883656
100,87.50622415715425
0,79.70248744314512
100,95.23692028241655
100,89.74096800849293
100,92.17546935322353
0,75.48351720833395
0,74.24409015974426
100,90.45236655749858
0,90.25887045118542
100,87.52951286239977
100,92.77964387943325
100,76.25909045749032
100,88.50966180902307
100,93.13020638234748
100,92.10286616563972
100,92.01832259862555
100,89.44275729592944
100,89.36889155340509
0,74.47188135319622
100,92.0915389964428
100,90.45177102947537
100,90.70405164458629
100,88.98034812398694
100,88.6404674037955
100,92.619012369878
100,91.43421547079454
100,92.02554793357568
100,95.82840931373998
100,92.71919366316219
100,88.91382332143304
100,89.68890013142706
100,99.73014396513388
100,74.86219072793975
100,97.6292989000975
100,91.13192668054933
100,99.38306491620531
100,97.1614459197182
100,94.19702817783347
100,89.65452401775369
0,95.56565250402132
100,96.17160335363761
100,87.45246696706087
100,99.28546078019875
100,91.5070678253905
100,91.11024731380719
0,93.71795853067702
100,91.23662002312126
100,94.03345420732155
100,93.71126966669614
100,89.73014868611503
100,92.30507881530468
100,90.18056681448323
100,91.71782068933803
100,90.30585589485486
100,95.74657146617403
100,91.0626723537617
100,87.55364794501811
100,77.21688570343782
100,94.61748803982638
100,92.03560894640259
100,92.22697817328162
100,74.37458299159039
100,89.53956637798456
100,91.34690189072998
100,72.51655008821723
100,73.75053047315814
100,95.26131074668098
100,87.96656846534664
100,89.65422830920984
100,101.11224928230548
100,90.67647184722009
100,93.05198203972793
100,96.48963848093791
100,71.24177838657944
100,94.22145390902969
100,93.09465104881397
100,88.60098597333634
100,93.84885829487115
100,91.27470518752718
100,95.47835274844566
100,87.88556139077618
100,93.77914776302114
100,87.46903753824368
100,73.08368758274383
100,89.91655845271704
100,94.8143831130159
100,74.536502175401
100,87.67434034611618
100,73.93328111986361
0,67.60211364462481
100,89.46186239316542
100,86.06370747285213
100,93.7672375467232
100,92.47293873485525
100,95.752348052598
100,98.26260938852461
100,94.21607498053686
100,103.12736579842836
100,92.7160258844076
100,89.47518892342626
100,91.27046243006053
100,93.57050726929688
100,92.41014909701077
100,94.93989382518079
100,89.78105285348065
100,92.31897675091913
100,88.8431694954717
100,90.85663268073247
100,91.94748061526226
0,91.23291163519896
100,77.15007718339265
100,91.00859463739971
100,87.06307178072417
0,94.41140557471515
100,89.34755308909789
100,91.5335973078112
100,99.37517038094394
100,89.87122036563636
100,75.80033294956787
100,91.03278486042211
100,91.08705499238246
100,102.32720066995563
100,95.87543096948497
100,90.69924818855286
100,91.19911216967093
100,73.4572751187434
100,96.09505733850946
100,74.8751329647651
100,93.12673809454174
100,90.38990173970599
100,89.20127017566381
100,96.19998057731752
0,75.82361785594672
0,89.86898991828264
